name: null
channels:
  - conda-forge
  - defaults
dependencies:
  - brotli=1.1.0=hcfcfb64_1
  - brotli-bin=1.1.0=hcfcfb64_1
  - bzip2=1.0.8=h2466b09_7
  - ca-certificates=2024.7.4=h56e8100_0
  - cached_property=1.5.2=pyha770c72_1
  - freetype=2.12.1=hdaf720e_2
  - hdf5=1.14.3=nompi_h2b43c12_105
  - intel-openmp=2024.2.1=h57928b3_1083
  - krb5=1.21.3=hdf4eb48_0
  - lcms2=2.16=h67d730c_0
  - lerc=4.0.0=h63175ca_0
  - libaec=1.1.3=h63175ca_0
  - libblas=3.9.0=23_win64_mkl
  - libbrotlicommon=1.1.0=hcfcfb64_1
  - libbrotlidec=1.1.0=hcfcfb64_1
  - libbrotlienc=1.1.0=hcfcfb64_1
  - libcblas=3.9.0=23_win64_mkl
  - libcurl=8.9.1=h18fefc2_0
  - libdeflate=1.21=h2466b09_0
  - libexpat=2.6.2=h63175ca_0
  - libffi=3.4.2=h8ffe710_5
  - libhwloc=2.11.1=default_h8125262_1000
  - libiconv=1.17=hcfcfb64_2
  - libjpeg-turbo=3.0.0=hcfcfb64_1
  - liblapack=3.9.0=23_win64_mkl
  - libpng=1.6.43=h19919ed_0
  - libsqlite=3.46.0=h2466b09_0
  - libssh2=1.11.0=h7dfc565_0
  - libtiff=4.6.0=hb151862_4
  - libwebp-base=1.4.0=hcfcfb64_0
  - libxcb=1.16=h013a479_1
  - libxml2=2.12.7=h0f24e4e_4
  - libzlib=1.3.1=h2466b09_1
  - m2w64-gcc-libgfortran=5.3.0=6
  - m2w64-gcc-libs=5.3.0=7
  - m2w64-gcc-libs-core=5.3.0=7
  - m2w64-gmp=6.1.0=2
  - m2w64-libwinpthread-git=5.0.0.4634.697f757=2
  - matplotlib-base=3.9.2=py312h90004f6_0
  - mkl=2024.1.0=h66d3029_694
  - msys2-conda-epoch=20160418=1
  - numpy_groupies=0.11.2=pyhd8ed1ab_0
  - openjpeg=2.5.2=h3d672ee_0
  - openssl=3.3.1=h2466b09_3
  - pthread-stubs=0.4=hcd874cb_1001
  - pthreads-win32=2.9.1=hfa6e2cd_3
  - python=3.12.5=h889d299_0_cpython
  - python-tzdata=2024.1=pyhd8ed1ab_0
  - python_abi=3.12=5_cp312
  - qhull=2020.2=hc790b64_5
  - seaborn-base=0.13.2=pyhd8ed1ab_2
  - tbb=2021.12.0=hc790b64_4
  - tk=8.6.13=h5226925_1
  - typing_extensions=4.12.2=pyha770c72_0
  - ucrt=10.0.22621.0=h57928b3_0
  - vc=14.3=h8a93ad2_20
  - vc14_runtime=14.40.33810=hcc2c482_20
  - vs2015_runtime=14.40.33810=h3bf8584_20
  - xorg-libxau=1.0.11=hcd874cb_0
  - xorg-libxdmcp=1.1.3=hcd874cb_0
  - xz=5.2.6=h8d14728_0
  - zstd=1.5.6=h0ea2cb4_0
  - pip:
    - anndata==0.10.9
    - array-api-compat==1.8
    - cached-property==1.5.2
    - certifi==2024.7.4
    - click==8.1.7
    - colorama==0.4.6
    - contourpy==1.3.0
    - cycler==0.12.1
    - exceptiongroup==1.2.2
    - fonttools==4.53.1
    - get-annotations==0.1.2
    - h5py==3.11.0
    - joblib==1.4.2
    - kiwisolver==1.4.5
    - legacy-api-wrap==1.4
    - llvmlite==0.43.0
    - loompy==3.0.6
    - matplotlib==3.9.2
    - munkres==1.1.4
    - natsort==8.4.0
    - networkx==3.3
    - numba==0.60.0
    - numpy==1.26.4
    - numpy-groupies==0.11.2
    - packaging==24.1
    - pandas==2.2.2
    - patsy==0.5.6
    - pillow==10.4.0
    - pip==24.2
    - pynndescent==0.5.13
    - pyparsing==3.1.4
    - python-dateutil==2.9.0
    - pytz==2024.1
    - scanpy==1.10.2
    - scikit-learn==1.5.1
    - scipy==1.14.1
    - scvelo==0.2.5
    - seaborn==0.13.2
    - session-info==1.0.0
    - setuptools==72.2.0
    - six==1.16.0
    - statsmodels==0.14.2
    - stdlib-list==0.10.0
    - threadpoolctl==3.5.0
    - tqdm==4.66.5
    - typing-extensions==4.12.2
    - tzdata==2024.1
    - umap-learn==0.5.6
    - wheel==0.44.0
